10100000000100000010000000000010
10100010000100000010000000000011
10100100000001000000000000010001
10100100001001000000000000010001
10100100000011000000000000010001
10100100001011000000000000010001
10100100000101000000000000010001
10100100001101000000000000010001
10100100000111000000000000010001
10100100001111000000000000010001
10100000000100000010000000000010
10100010000100000010000000000011
10100100000001000000000000010001
10100100001001000000000000010001
10100100000011000000000000010001
10100100001011000000000000010001
10100100000101000000000000010001
10100100001101000000000000010001
10100100000111000000000000010001
10100100001111000000000000010001
10100000000100000010000000000010
10100010000100000010000000000011
10100100000001000000000000010001
10100100001001000000000000010001
10100100000011000000000000010001
10100100001011000000000000010001
10100100000101000000000000010001
10100100001101000000000000010001
10100100000111000000000000010001
10100100001111000000000000010001
10100000000100000010000000000010
10100010000100000010000000000011
10100100000001000000000000010001
10100100001001000000000000010001
10100100000011000000000000010001
10100100001011000000000000010001
10100100000101000000000000010001
10100100001101000000000000010001
10100100000111000000000000010001
10100100001111000000000000010001
10100000000100000010000000000010
10100010000100000010000000000011
10100100000001000000000000010001
10100100001001000000000000010001
10100100000011000000000000010001
10100100001011000000000000010001
10100100000101000000000000010001
10100100001101000000000000010001
10100100000111000000000000010001
10100100001111000000000000010001
10100000000100000010000000000010
10100010000100000010000000000011
10100100000001000000000000010001
10100100001001000000000000010001
10100100000011000000000000010001
10100100001011000000000000010001
10100100000101000000000000010001
10100100001101000000000000010001
10100100000111000000000000010001
10100100001111000000000000010001
10100000000100000010000000000010
10100010000100000010000000000011
10100100000001000000000000010001
10100100001001000000000000010001